# This file may be used to create an environment using:
# $ conda create --name <env> --file <this file>
# platform: win-64
blosc=1.21.5=hdccc3a2_0
bzip2=1.0.8=hcfcfb64_5
ca-certificates=2023.11.17=h56e8100_0
cairo=1.18.0=h1fef639_0
cfitsio=4.3.1=h9b0cee5_0
expat=2.5.0=h63175ca_1
font-ttf-dejavu-sans-mono=2.37=hab24e00_0
font-ttf-inconsolata=3.000=h77eed37_0
font-ttf-source-code-pro=2.038=h77eed37_0
font-ttf-ubuntu=0.83=h77eed37_1
fontconfig=2.14.2=hbde0cde_0
fonts-conda-ecosystem=1=0
fonts-conda-forge=1=0
freetype=2.12.1=hdaf720e_2
freexl=2.0.0=h8276f4a_0
gdal=3.8.1=py312h6c4443f_4
geos=3.12.1=h1537add_0
geotiff=1.7.1=hbf5ca3a_15
gettext=0.21.1=h5728263_0
hdf4=4.2.15=h5557f11_7
hdf5=1.14.3=nompi_h73e8ff5_100
icu=73.2=h63175ca_0
intel-openmp=2024.0.0=h57928b3_49840
kealib=1.5.2=ha10e780_1
krb5=1.21.2=heb0366b_0
lcms2=2.16=h67d730c_0
lerc=4.0.0=h63175ca_0
libaec=1.1.2=h63175ca_1
libarchive=3.7.2=h313118b_1
libblas=3.9.0=8_mkl
libboost-headers=1.83.0=h57928b3_0
libcblas=3.9.0=8_mkl
libcurl=8.5.0=hd5e4a3a_0
libdeflate=1.19=hcfcfb64_0
libexpat=2.5.0=h63175ca_1
libffi=3.4.2=h8ffe710_5
libgdal=3.8.1=h70e2fc3_4
libglib=2.78.3=h16e383f_0
libiconv=1.17=hcfcfb64_1
libjpeg-turbo=3.0.0=hcfcfb64_1
libkml=1.3.0=haf3e7a6_1018
liblapack=3.9.0=8_mkl
libnetcdf=4.9.2=nompi_h07c049d_113
libpng=1.6.39=h19919ed_0
libpq=16.1=hdb24f17_7
librttopo=1.1.0=h94c4f80_15
libspatialite=5.1.0=hf2f0abc_4
libsqlite=3.44.2=hcfcfb64_0
libssh2=1.11.0=h7dfc565_0
libtiff=4.6.0=h6e2ebb7_2
libwebp-base=1.3.2=hcfcfb64_0
libxml2=2.12.2=hc3477c8_0
libzip=1.10.1=h1d365fa_3
libzlib=1.2.13=hcfcfb64_5
lz4-c=1.9.4=hcfcfb64_0
lzo=2.10=he774522_1000
minizip=4.0.3=h5bed578_0
mkl=2020.4=hb70f87d_311
numpy=1.26.2=py312h8753938_0
openjpeg=2.5.0=h3d672ee_3
openssl=3.2.0=hcfcfb64_1
pcre2=10.42=h17e33f8_0
pillow=10.1.0=pypi_0
pip=23.3.1=pyhd8ed1ab_0
pixman=0.42.2=h63175ca_0
poppler=23.12.0=hc2f3c52_0
poppler-data=0.4.12=hd8ed1ab_0
postgresql=16.1=h1beaf6b_7
proj=9.3.1=he13c7e8_0
python=3.12.0=h2628c8c_0_cpython
python_abi=3.12=4_cp312
scipy=1.11.4=pypi_0
setuptools=68.2.2=pyhd8ed1ab_0
snappy=1.1.10=hfb803bf_0
sqlite=3.44.2=hcfcfb64_0
tiledb=2.18.2=hc200977_1
tk=8.6.13=h5226925_1
tzdata=2023c=h71feb2d_0
ucrt=10.0.22621.0=h57928b3_0
uriparser=0.9.7=h1537add_1
vc=14.3=h64f974e_17
vc14_runtime=14.36.32532=hdcecf7f_17
vs2015_runtime=14.36.32532=h05e6639_17
wheel=0.42.0=pyhd8ed1ab_0
xerces-c=3.2.4=h63175ca_3
xz=5.2.6=h8d14728_0
zlib=1.2.13=hcfcfb64_5
zstd=1.5.5=h12be248_0
